# exchange rates:
EUR-USD = 1.12187
USD-EUR = 0.89121
GBP-EUR = 1.33910
EUR-GBP = 0.74653